
medium

Identified 124 primes:
  9007199254740997 2 900719925474105073 90071992547410493 90071992547410613
  900719925474105161 900719925474104987 900719925474104927 9007199254741049
  90071992547410513 5 3 900719925474105013 9007199254740881 90071992547410663
  9007199254741033 900719925474104977 90071992547410609 8796093022151 9973 9973
  9973 9973 9973 9973 9973 9973 9973 9973 9973 9973 9973 9973 9973 9973 9973
  9973 9973 9973 9973 9973 9973 9973 9973 9973 9973 9973 9973 9973 9973 9973
  9973 9973 9973 9973 9973 9973 9973 9973 9973 9973 9973 9973 9973 9973 9973
  9973 9973 9973 9973 9973 9973 9973 9973 9973 9973 9973 9973 9973 9973 9973
  9973 9973 9973 9973 9973 9973 9973 9973 9973 9973 9973 9973 9973 9973 9973
  9973 9973 9973 9973 9973 9973 9973 9973 9973 9973 9973 9973 9973 9973 9973
  9973 9973 9973 9973 9973 9973 9973 9973 9973 9973 9973 9973 9973


old medium

Identified 124 primes:
  9007199254740997 2 900719925474105073 90071992547410493 90071992547410613
  900719925474105161 900719925474104987 900719925474104927 9007199254741049
  90071992547410513 5 3 900719925474105013 9007199254740881 90071992547410663
  9007199254741033 900719925474104977 90071992547410609 8796093022151 9973 9973
  9973 9973 9973 9973 9973 9973 9973 9973 9973 9973 9973 9973 9973 9973 9973
  9973 9973 9973 9973 9973 9973 9973 9973 9973 9973 9973 9973 9973 9973 9973
  9973 9973 9973 9973 9973 9973 9973 9973 9973 9973 9973 9973 9973 9973 9973
  9973 9973 9973 9973 9973 9973 9973 9973 9973 9973 9973 9973 9973 9973 9973
  9973 9973 9973 9973 9973 9973 9973 9973 9973 9973 9973 9973 9973 9973 9973
  9973 9973 9973 9973 9973 9973 9973 9973 9973 9973 9973 9973 9973 9973 9973
  9973 9973 9973 9973 9973 9973 9973 9973 9973 9973 9973 9973 9973



hard 
   2 3 9223372036854775783 5 7


old hard 
 2 3 9223372036854775783 5 7


hard2
Identified 0 primes:

old hard 2
Identified 0 primes:


easy
Identified 7 primes:
  2 3 5 7 101 103 107


old easy
Identified 7 primes:
  2 3 5 7 101 103 107