9007199254740997 8796451843471 2 900719925474105073 90071996392800899
4 90071992547410493 90071992547410613 900719925474105161 900719925474104987
1 90072054854210657 900719925474104927 9007199254741049 900720046819564759
90071992547410513 9007207298190743 9007206203142577 5 3 900719925474105013
9007199254740881 8796254359103 90071992547410663 9007199254741033
900719925474104977 90071992547410609 900720004735038979 8796093022151
9973 9973 9973 9973 9973 9973 9973 9973 9973 9973 9973 9973 9973 9973 9973
9973 9973 9973 9973 9973 9973 9973 9973 9973 9973 9973 9973 9973 9973 9973
9973 9973 9973 9973 9973 9973 9973 9973 9973 9973 9973 9973 9973 9973 9973
9973 9973 9973 9973 9973 9973 9973 9973 9973 9973 9973 9973 9973 9973 9973
9973 9973 9973 9973 9973 9973 9973 9973 9973 9973 9973 9973 9973 9973 9973
9973 9973 9973 9973 9973 9973 9973 9973 9973 9973 9973 9973 9973 9973 9973
9973 9973 9973 9973 9973 9973 9973 9973 9973 9973 9973 9973 9973 9973 9973
